011000001111
0000111110110111000
011100011010010100100111
011100100110010100110
0111000111000001011100010101110
01110000010001101110101011001000
01101100000000010011101
011000100011001011111101011
01010001011101110010100001
000110110011011111011
011000000010001101000011100110
000111111110010010010000
011010110111100100
01000011111
0000000100001
0101010100000001101010101100011011
01010101001111010100001100110
0111111110001100110000101001
0000001010000100101
01110001010100011
0100000000000010
101000000110101111110
1011000001110010000
10100000000110011
1001111111011011100
1000001000010111101001111
101111011110010001001011110
100011001100001010110011
1000011001100001100111110101
10100001100000110
1000011001011
1010011010111
10101011110010100111111110
1010100000001001010110000110001
10110000001011101101111001
10101011101010101010000110111011110
10111010000101011
101110101010001
1011010101010001010001
100011101001110010111010100111000001
10111001011
101111101010000111001
100011111100001010110000101001
1010000111110000001010111100101
1010000111000001
101110011100011000110
101100010111101101001
1011101111101001000011001000111
10001100010011010111
1010011111110001000010001
1000101101001110
1011010110000110101011010111011111
10010101111010110001
10001111000
10001111101001100001001110
10101110011100
0011101101010001110011
00111101110101
00111000
000010001111
0100010
00001100001
0000011110
00000001001000010111101101
0111001111000001010011
000100011000010011
01101101001011
00010110001011100
0110000001001011
0001100100100
00111010001110111
011111111010011110
0001111101
000111000111110
01000001000001
001000101100000
0110111110110110100
011011111011100010111110
00100101010001110
0010001000110
0111100101000
00000101110010110
01100010110001
0111100111010010
000011010000110
00100000110
0000111100011
011111010101
01001111111001
000100000100
0100000100000110
0011000100101001100011
0000100101110000
010101001011000011
01110101000011110011
01001100110101000101
01000111
0100011
011000
010000010111111
011001100110101010100000
01100011100111111
0110000110110
011101110111
0111001100
01110001110
011100001100000
01111011100
01111001110
0111100011110011110
00101010101
0011110000
001111111111
011000111010000110111
011011111011100
000111111111
0100100100100110110110
0000011110111011
0101011000111000000
010100110001110101
01011010011111
001011001110011111
0101100110000
0000010001100001101
00000111101100110111110
00000000111100100011
000110000101011
01101111011111000
0100001010000
010100010010
010011111111
01000000101001010111
0111110100001111010001
00000010111100001011111110
000011000011100100000
00001001001101001
011011101101001
000010000101011011101111000
01110110111100000000001
01100110001110011
0000101001000011110
00100111010110001111010000
0101100101001110000100
0111011011110101000
0110111100110100000
000001000101100011
000011011000100111000
0000111000010100100010000
000011100000110
011100011110010
00001101111001110
01110010000110001
0000100111101001000100001
011111011011100110111011110
00000100111001000101
0110011100101110001
000110000100111111111
01010001011001010111111100
0110001111111011011100
0000110010100111111111
0111000110110011000000
00011000001110101
01110000110001011111
001111100101000100100001
010110101110110111111110
0001111010001101001
0111000111011000000
00100011000000110
01011110011110
01110100010101011
0001110000001000110
011000100000000010101110111001
0001100110000100000101
001010010100111
0110001011100
0000111001001
01111000011011
011110111100111
00001100001010110
00010100000001
00011001111000010001
01100110011100111
01100100000000010101010
0001100110001110001010
011100000000100111000110
011011001111111001101
000011011101111111110
0001111111110000110100
0000110001111111
0111001110111
01110001011101110000000
011100110100010010010000
000111001000011111111111
01010001101010110000000
0111101010011010101111
0000000010001100110
0111110111011001
00100001110100000
0001111111001101
01100011001000100011
01000000101
01001000011
011001110011000
000011011011010000
010101111110110
010001101011111010100
00001110011000011
01101110
000000011010
0011001101011000
011100010100110000000
000001101
00001100101
0100111010001
0000101110
0101000101100
0101010000000
01100110111010
010000000101
0111100010
00100001011100011101
0010011100001001
01010111001011
010101111010
0111110
00001
011100011100101
011100101011
0111010100
00001010111010110010
0101010101000010100
01111101001101101001
0001100000101100
011010010100000
0101011
0100000111100110
0000011000011001
010011101
00000011000010
0101111111
0010100010
00111101110
0101011001101
011110011000011
0001000010011011
0000001011000101111
011000101001
000011101011110
010011001001101
00000010111000
000000110001
0001111001000111
0010100111010000
01111010011111111111
00001110111010
0100000000011010111000
0001001010001000
0111011100111100
0001001110001101010111
0110101010000011101
0011010000101110
00011100111000
0110001000101
000000111000001
0111111100110100000
000001000011
0110001111010000
0111011100011101
01111111000111010101100110
010110000001100000001111111
00001100111111111110001
010000111101000
00001110000101010101
011000100000011
011111110111000100
0110000110011000000
01011000110011
000001100000011101
0010110111110001010
00110101000010100111
00001010111101011000
00000011101001000000
011001111101100111101111101
000111100110011001010101
0000000111101000000011
00110010000110101100000
011011100101010100001011
001011000110001000
01110011000110010111
000110001110011000
0111010000111000101000
0000011110011
0111100011110101100
00001110000110011
0011110101101011000000
000000110010100100
011110100010100110101
0000001101110100
00001111101000111
01110000000010101011
011011100000011
0011000111101
0001111101000
01100000100110011
0000111111110110
0111000011111001
01011011110
0010010000111
000000001101001000
0111001011010100000
011100110100000011
0000110010010001111111
010001000111
0101110100010
01001001000001
001111001111111
010000000000
001111111111001
01110001110000000001
000011100011110
01010011101011
00101100010100000011
0101010101011111011101
000000001010010001111
000011101101111011001100
0111000100100001010111101010101
011100111111110
01110001011000001
00110010110001010
00010111111100011011100
01000010111010011111111
000000010100010111101
01000111001101001111111100001
0011100011001011110100000
01100010010111110000
0111011001010010000011
0010000111101011011100100
010101011010100000101111
0110101000101011
00010101110101000
000011011100100100
0111100100011001
011011101000
0001000101000000
000111111110100011
01100010111001110000
0111010001010001111111
000010111000000100
00100100000001101
0101111101110000010
00100111011000000
0100000010011
000010010000011
01101110011100111
00010000111100010
00111001011100011010
0101101000
0001110000100101010101
0100111010001100011000
000011010001011011011
011100000000101110100
01011011010100101001111111111
00100000100101011010110111
0111001100011001010
000011011100110101010
010111011111111110100011
001000101011100000000
0001011111111100100011
0110100011111011100
011100101100001010000000
0000110100111101011
011110010100011
000000011010001110001
0101011010100111
0011111010010101100000000
011111110001001100000
0001110111000
01101000101000100
00010111010111
0001111010001110001111
01100001011111111001
0000001011111111000
011111010000000001
0101111010010110110111000
001000010110001100
011101100010110110111000
011110111001111011011
0111011011111000
0000100100000001
0101000110001
00101110111000111
000001110000111
01100011110110011
0111001000110
011000000000010
0100001001
01101111100001
01000100000
0110000101010100110001110
0000111101011111
00001100010011111
01101000000000000101
01111001111101
00011000001000
011011111001
011101000011
0000101111101
01000111100010
010111100111100111100010101
01101000010100111011000
0001111101100000000001
01010000000010
00111111100
0011111111110
010000001001111111111
01100000001000000000
010101101111000111111
0010100100001001
01000101100010011
011100010001111
00001101110000111
0010101001010101001111
010101011100011101010111
01100000010110
00011111101001
01111110000000000
00111110010110011001010100000
010000011010000000010000
0110111101011111111110
00110111110110011100011001010
000100001011100000
00111111101011111111
000011011110010001111
01000010111000011000
0011111010001100010
0101100001101011001100
0010011110010011110010
010001111010111100101
00111000010100011111
011011011110
000100100001000
0110111011010000101
01111000111110
0001110111010101000
01000111011100010001
00111000001011000110
0111100100001011
0010110000001010101010
0111000111000111
01011001100000
0100000000111111
00011111111001
01100000000000
00001111111110
01111111111000
00000000000101001100
001111111000
0100000001100
0100000000000110
01111111111100000
010000000001111000011001100
011000000000011
000111111111000111000
01010111111111100110011
0101000000000010101
0100000011111100
01110101011110000000
011111000000010
000000011111111011
011001000010101111110
01100000010111110011111
010101100001111001
0010111110101000000111
000110011111111
0110011000000000110
00011001100001110000100
0110011001111000111111011
0101000000011001100110
0010111111110000101010
01001100000011110
0011001100111110
010101111111100000
00101000010000011100
010101011000000110000
0010101011111111110001
000000110100011111110101000
0110011011111110000
0001110000000001101
0000101000011111101011
001010100001100001010000110
00011111110101111
01100000001100111100
001111111110011000001
0111101111101010110000010
011000000011001111110
0101111111001100111110001100
00000100000010110011111011
00010111111110011
0110000000001100
011001111111001101000
0111100000011
000001001110
0111000000000
00100011000110
01010011000000
0110011100100
0111100100000
0110000001100
0001111111100
000011111111
011000011000101000000
000011111000
010001000100100111111
00011100110010000000
00001000010100001111
0110001000100110010101010101
011100000110011001100000
0000011110101111111
01110001110000001100
00000011111000111100000000
011001100110000101010010111
00101000111001101011111111
01110001001001101100000
0111100011000110111
00000011001010011111100
0111111110
01100110011000000000
0111000001101010101111111
0111111001100101010111100000000
00001000100100101111000
01111000001
000001111001
000011111101
000000111001
011110001101
000000011101
011110000010
011110000110
011100000010
011111000110
011100011100011100110101
00010010011000111000000
00001000110001111
01101101100011000
00101010101111
0111011110111110
0110111011110010
011100011101110
000000011
01101101010