11000001111
000111110110111000
11100011010010100100111
11100100110010100110
111000111000001011100010101110
1110000010001101110101011001000
1101100000000010011101
11000100011001011111101011
1010001011101110010100001
00110110011011111011
11000000010001101000011100110
00111111110010010010000
11010110111100100
1000011111
000000100001
101010100000001101010101100011011
1010101001111010100001100110
111111110001100110000101001
000001010000100101
1110001010100011
100000000000010
1000000110101111110
11000001110010000
100000000110011
01111111011011100
00001000010111101001111
1111011110010001001011110
0011001100001010110011
00011001100001100111110101
100001100000110
00011001011
10011010111
101011110010100111111110
10100000001001010110000110001
110000001011101101111001
101011101010101010000110111011110
111010000101011
1110101010001
11010101010001010001
0011101001110010111010100111000001
111001011
1111101010000111001
0011111100001010110000101001
10000111110000001010111100101
10000111000001
1110011100011000110
1100010111101101001
11101111101001000011001000111
001100010011010111
10011111110001000010001
00101101001110
11010110000110101011010111011111
010101111010110001
001111000
001111101001100001001110
101110011100
011101101010001110011
0111101110101
0111000
00010001111
100010
0001100001
000011110
0000001001000010111101101
111001111000001010011
00100011000010011
1101101001011
0010110001011100
110000001001011
001100100100
0111010001110111
11111111010011110
001111101
00111000111110
1000001000001
01000101100000
110111110110110100
11011111011100010111110
0100101010001110
010001000110
111100101000
0000101110010110
1100010110001
111100111010010
00011010000110
0100000110
000111100011
11111010101
1001111111001
00100000100
100000100000110
011000100101001100011
000100101110000
10101001011000011
1110101000011110011
1001100110101000101
1000111
100011
11000
10000010111111
11001100110101010100000
1100011100111111
110000110110
11101110111
111001100
1110001110
11100001100000
1111011100
1111001110
111100011110011110
0101010101
011110000
01111111111
11000111010000110111
11011111011100
00111111111
100100100100110110110
000011110111011
101011000111000000
10100110001110101
1011010011111
01011001110011111
101100110000
000010001100001101
0000111101100110111110
0000000111100100011
00110000101011
1101111011111000
100001010000
10100010010
10011111111
1000000101001010111
111110100001111010001
0000010111100001011111110
00011000011100100000
0001001001101001
11011101101001
00010000101011011101111000
1110110111100000000001
1100110001110011
000101001000011110
0100111010110001111010000
101100101001110000100
111011011110101000
110111100110100000
00001000101100011
00011011000100111000
000111000010100100010000
00011100000110
11100011110010
0001101111001110
1110010000110001
000100111101001000100001
11111011011100110111011110
0000100111001000101
110011100101110001
00110000100111111111
1010001011001010111111100
110001111111011011100
000110010100111111111
111000110110011000000
0011000001110101
1110000110001011111
01111100101000100100001
10110101110110111111110
001111010001101001
111000111011000000
0100011000000110
1011110011110
1110100010101011
001110000001000110
11000100000000010101110111001
001100110000100000101
01010010100111
110001011100
000111001001
1111000011011
11110111100111
0001100001010110
0010100000001
0011001111000010001
1100110011100111
1100100000000010101010
001100110001110001010
11100000000100111000110
11011001111111001101
00011011101111111110
001111111110000110100
000110001111111
111001110111
1110001011101110000000
11100110100010010010000
00111001000011111111111
1010001101010110000000
111101010011010101111
000000010001100110
111110111011001
0100001110100000
001111111001101
1100011001000100011
1000000101
1001000011
11001110011000
00011011011010000
10101111110110
10001101011111010100
0001110011000011
1101110
00000011010
011001101011000
11100010100110000000
00001101
0001100101
100111010001
000101110
101000101100
101010000000
1100110111010
10000000101
111100010
0100001011100011101
010011100001001
1010111001011
10101111010
111110
0001
11100011100101
11100101011
111010100
0001010111010110010
101010101000010100
1111101001101101001
001100000101100
11010010100000
101011
100000111100110
000011000011001
10011101
0000011000010
101111111
010100010
0111101110
101011001101
11110011000011
001000010011011
000001011000101111
11000101001
00011101011110
10011001001101
0000010111000
00000110001
001111001000111
010100111010000
1111010011111111111
0001110111010
100000000011010111000
001001010001000
111011100111100
001001110001101010111
110101010000011101
011010000101110
0011100111000
110001000101
00000111000001
111111100110100000
00001000011
110001111010000
111011100011101
1111111000111010101100110
10110000001100000001111111
0001100111111111110001
10000111101000
0001110000101010101
11000100000011
11111110111000100
110000110011000000
1011000110011
00001100000011101
010110111110001010
0110101000010100111
0001010111101011000
0000011101001000000
11001111101100111101111101
00111100110011001010101
000000111101000000011
0110010000110101100000
11011100101010100001011
01011000110001000
1110011000110010111
00110001110011000
111010000111000101000
000011110011
111100011110101100
0001110000110011
011110101101011000000
00000110010100100
11110100010100110101
000001101110100
0001111101000111
1110000000010101011
11011100000011
011000111101
001111101000
1100000100110011
000111111110110
111000011111001
1011011110
010010000111
00000001101001000
111001011010100000
11100110100000011
000110010010001111111
10001000111
101110100010
1001001000001
01111001111111
10000000000
01111111111001
1110001110000000001
00011100011110
1010011101011
0101100010100000011
101010101011111011101
00000001010010001111
00011101101111011001100
111000100100001010111101010101
11100111111110
1110001011000001
0110010110001010
0010111111100011011100
1000010111010011111111
00000010100010111101
1000111001101001111111100001
011100011001011110100000
1100010010111110000
111011001010010000011
010000111101011011100100
10101011010100000101111
110101000101011
0010101110101000
00011011100100100
111100100011001
11011101000
001000101000000
00111111110100011
1100010111001110000
111010001010001111111
00010111000000100
0100100000001101
101111101110000010
0100111011000000
100000010011
00010010000011
1101110011100111
0010000111100010
0111001011100011010
101101000
001110000100101010101
100111010001100011000
00011010001011011011
11100000000101110100
1011011010100101001111111111
0100000100101011010110111
111001100011001010
00011011100110101010
10111011111111110100011
01000101011100000000
001011111111100100011
110100011111011100
11100101100001010000000
000110100111101011
11110010100011
00000011010001110001
101011010100111
011111010010101100000000
11111110001001100000
001110111000
1101000101000100
0010111010111
001111010001110001111
1100001011111111001
000001011111111000
11111010000000001
101111010010110110111000
01000010110001100
11101100010110110111000
11110111001111011011
111011011111000
000100100000001
101000110001
0101110111000111
00001110000111
1100011110110011
111001000110
11000000000010
100001001
1101111100001
1000100000
110000101010100110001110
000111101011111
0001100010011111
1101000000000000101
1111001111101
0011000001000
11011111001
11101000011
000101111101
1000111100010
10111100111100111100010101
1101000010100111011000
001111101100000000001
1010000000010
0111111100
011111111110
10000001001111111111
1100000001000000000
10101101111000111111
010100100001001
1000101100010011
11100010001111
0001101110000111
010101001010101001111
10101011100011101010111
1100000010110
0011111101001
1111110000000000
0111110010110011001010100000
10000011010000000010000
110111101011111111110
0110111110110011100011001010
00100001011100000
0111111101011111111
00011011110010001111
1000010111000011000
011111010001100010
101100001101011001100
010011110010011110010
10001111010111100101
0111000010100011111
11011011110
00100100001000
110111011010000101
1111000111110
001110111010101000
1000111011100010001
0111000001011000110
111100100001011
010110000001010101010
111000111000111
1011001100000
100000000111111
0011111111001
1100000000000
0001111111110
1111111111000
0000000000101001100
01111111000
100000001100
100000000000110
1111111111100000
10000000001111000011001100
11000000000011
00111111111000111000
1010111111111100110011
101000000000010101
100000011111100
1110101011110000000
11111000000010
00000011111111011
11001000010101111110
1100000010111110011111
10101100001111001
010111110101000000111
00110011111111
110011000000000110
0011001100001110000100
110011001111000111111011
101000000011001100110
010111111110000101010
1001100000011110
011001100111110
10101111111100000
0101000010000011100
10101011000000110000
010101011111111110001
00000110100011111110101000
110011011111110000
001110000000001101
000101000011111101011
01010100001100001010000110
0011111110101111
1100000001100111100
01111111110011000001
111101111101010110000010
11000000011001111110
101111111001100111110001100
0000100000010110011111011
0010111111110011
110000000001100
11001111111001101000
111100000011
00001001110
111000000000
0100011000110
1010011000000
110011100100
111100100000
110000001100
001111111100
00011111111
11000011000101000000
00011111000
10001000100100111111
0011100110010000000
0001000010100001111
110001000100110010101010101
11100000110011001100000
000011110101111111
1110001110000001100
0000011111000111100000000
11001100110000101010010111
0101000111001101011111111
1110001001001101100000
111100011000110111
0000011001010011111100
111111110
1100110011000000000
111000001101010101111111
111111001100101010111100000000
0001000100100101111000
1111000001
00001111001
00011111101
00000111001
11110001101
00000011101
11110000010
11110000110
11100000010
11111000110
11100011100011100110101
0010010011000111000000
0001000110001111
1101101100011000
0101010101111
111011110111110
110111011110010
11100011101110
00000011
1101101010